coreutils-8.29_gcc-8.2.0_x86_64_O3_chown.elf,19.6078431372549,97.94567323712194,48.03921568627452,26.03555426695565
coreutils-8.29_gcc-8.2.0_x86_64_O3_vdir.elf,29.761904761904766,94.83016148429681,70.63492063492063,34.15312064996939
coreutils-8.29_gcc-8.2.0_x86_64_O3_mknod.elf,44.44444444444445,97.05490578297595,66.66666666666667,16.61233660130719
coreutils-8.29_gcc-8.2.0_x86_64_O3_sleep.elf,11.111111111111112,99.16666666666667,50.0,41.05975723622783
coreutils-8.29_gcc-8.2.0_x86_64_O3_chgrp.elf,16.666666666666668,98.31688596491229,46.875,26.51236432072829
coreutils-8.29_gcc-8.2.0_x86_64_O3_uname.elf,22.222222222222225,98.33333333333333,33.333333333333336,3.294117647058824
coreutils-8.29_gcc-8.2.0_x86_64_O3_base32.elf,23.809523809523814,98.53383458646616,67.85714285714286,14.375200080032014
coreutils-8.29_gcc-8.2.0_x86_64_O3_nproc.elf,55.555555555555564,96.57894736842105,66.66666666666667,14.405228758169935
coreutils-8.29_gcc-8.2.0_x86_64_O3_tty.elf,33.333333333333336,97.5,50.0,4.9411764705882355
coreutils-8.29_gcc-8.2.0_x86_64_O3_ls.elf,29.761904761904766,94.83016148429681,70.63492063492063,34.15312064996939
coreutils-8.29_gcc-8.2.0_x86_64_O3_yes.elf,33.333333333333336,97.5,50.0,6.512605042016807
coreutils-8.29_gcc-8.2.0_x86_64_O3_shuf.elf,42.42424242424243,96.50518341307816,63.63636363636363,25.959149362224228
coreutils-8.29_gcc-8.2.0_x86_64_O3_cut.elf,27.777777777777782,98.5919540229885,58.333333333333336,23.68304367201426
coreutils-8.29_gcc-8.2.0_x86_64_O3_truncate.elf,33.333333333333336,97.88888888888889,80.0,12.125280112044818
coreutils-8.29_gcc-8.2.0_x86_64_O3_hostid.elf,33.333333333333336,97.5,50.0,6.512605042016807
coreutils-8.29_gcc-8.2.0_x86_64_O3_tr.elf,33.333333333333336,97.94736842105263,70.0,19.893137254901962
coreutils-8.29_gcc-8.2.0_x86_64_O3_nohup.elf,16.666666666666668,98.75,50.0,7.608981092436975
coreutils-8.29_gcc-8.2.0_x86_64_O3_rm.elf,20.512820512820515,95.25641025641025,38.46153846153846,31.339393449687563
coreutils-8.29_gcc-8.2.0_x86_64_O3_users.elf,16.666666666666668,98.75,50.0,9.037552521008404
coreutils-8.29_gcc-8.2.0_x86_64_O3_realpath.elf,8.333333333333334,99.375,50.0,14.592188958916902
coreutils-8.29_gcc-8.2.0_x86_64_O3_runcon.elf,22.222222222222225,98.33333333333333,66.66666666666667,19.96078431372549
coreutils-8.29_gcc-8.2.0_x86_64_O3_timeout.elf,36.111111111111114,88.45238095238096,77.77777777777779,35.5359477124183
coreutils-8.29_gcc-8.2.0_x86_64_O3_base64.elf,23.809523809523814,98.53383458646616,67.85714285714286,14.375200080032014
coreutils-8.29_gcc-8.2.0_x86_64_O3_paste.elf,16.666666666666668,98.75,50.0,8.251838235294118
coreutils-8.29_gcc-8.2.0_x86_64_O3_expand.elf,13.333333333333334,99.0,40.0,16.601470588235294
coreutils-8.29_gcc-8.2.0_x86_64_O3_touch.elf,18.888888888888893,96.93838383838383,53.05555555555555,26.85563719333069
coreutils-8.29_gcc-8.2.0_x86_64_O3_dircolors.elf,18.75,98.00137362637363,66.66666666666666,10.623171864899806
coreutils-8.29_gcc-8.2.0_x86_64_O3_id.elf,66.66666666666667,96.03408877162481,72.22222222222223,32.20261437908497
coreutils-8.29_gcc-8.2.0_x86_64_O3_shred.elf,22.222222222222225,98.62390350877193,54.76190476190476,13.641458010943305
coreutils-8.29_gcc-8.2.0_x86_64_O3_env.elf,22.222222222222225,98.33333333333333,66.66666666666667,4.33578431372549
coreutils-8.29_gcc-8.2.0_x86_64_O3_pr.elf,16.666666666666668,98.66161616161617,64.39393939393939,26.284218232747648
coreutils-8.29_gcc-8.2.0_x86_64_O3_pinky.elf,15.277777777777779,98.69047619047619,37.5,8.834558823529411
coreutils-8.29_gcc-8.2.0_x86_64_O3_sum.elf,16.666666666666668,98.75,50.0,8.251838235294118
coreutils-8.29_gcc-8.2.0_x86_64_O3_basename.elf,33.333333333333336,97.5,50.0,4.9411764705882355
coreutils-8.29_gcc-8.2.0_x86_64_O3_install.elf,22.091886608015642,96.8534587522434,49.4037145650049,35.9360352645457
coreutils-8.29_gcc-8.2.0_x86_64_O3_whoami.elf,33.333333333333336,97.5,50.0,6.512605042016807
coreutils-8.29_gcc-8.2.0_x86_64_O3_split.elf,27.083333333333336,98.27067669172934,50.0,20.79258578431373
coreutils-8.29_gcc-8.2.0_x86_64_O3_fmt.elf,33.333333333333336,97.94736842105263,60.0,13.268137254901962
coreutils-8.29_gcc-8.2.0_x86_64_O3_mkdir.elf,13.333333333333334,99.0,40.0,29.976470588235294
coreutils-8.29_gcc-8.2.0_x86_64_O3_sync.elf,16.666666666666668,98.75,50.0,6.823266806722689
coreutils-8.29_gcc-8.2.0_x86_64_O3_comm.elf,18.333333333333336,97.46153846153847,57.5,7.601470588235294
coreutils-8.29_gcc-8.2.0_x86_64_O3_tee.elf,13.333333333333334,99.0,60.0,9.934803921568626
coreutils-8.29_gcc-8.2.0_x86_64_O3_join.elf,30.555555555555557,97.5648360030511,58.333333333333336,12.445669934640522
coreutils-8.29_gcc-8.2.0_x86_64_O3_du.elf,27.19662058371736,97.12177516476571,48.65591397849463,22.765844832410718
coreutils-8.29_gcc-8.2.0_x86_64_O3_pathchk.elf,16.666666666666668,98.75,50.0,8.251838235294118
coreutils-8.29_gcc-8.2.0_x86_64_O3_readlink.elf,8.333333333333334,99.375,50.0,14.592188958916902
coreutils-8.29_gcc-8.2.0_x86_64_O3_wc.elf,8.333333333333334,99.375,29.166666666666668,20.27175245098039
coreutils-8.29_gcc-8.2.0_x86_64_O3_printenv.elf,33.333333333333336,97.5,50.0,4.9411764705882355
coreutils-8.29_gcc-8.2.0_x86_64_O3_mktemp.elf,55.555555555555564,96.25,66.66666666666667,7.46078431372549
coreutils-8.29_gcc-8.2.0_x86_64_O3_mv.elf,16.718913270637408,97.13142373466175,45.91431556948798,34.582754382196576
coreutils-8.29_gcc-8.2.0_x86_64_O3_uptime.elf,11.111111111111112,99.16666666666667,53.333333333333336,23.35836834733894
coreutils-8.29_gcc-8.2.0_x86_64_O3_mkfifo.elf,22.222222222222225,98.33333333333333,66.66666666666667,4.33578431372549
coreutils-8.29_gcc-8.2.0_x86_64_O3_groups.elf,66.66666666666667,96.22899159663866,75.0,33.720588235294116
coreutils-8.29_gcc-8.2.0_x86_64_O3_pwd.elf,20.833333333333336,98.125,62.5,22.146752450980394
coreutils-8.29_gcc-8.2.0_x86_64_O3_cp.elf,17.29362591431557,96.92858397806945,46.489028213166144,31.460422690899364
coreutils-8.29_gcc-8.2.0_x86_64_O3_logname.elf,33.333333333333336,97.5,50.0,6.512605042016807
coreutils-8.29_gcc-8.2.0_x86_64_O3_tail.elf,20.37037037037037,97.11500974658868,59.25925925925925,44.955434951758484
coreutils-8.29_gcc-8.2.0_x86_64_O3_nice.elf,41.66666666666667,97.36111111111111,75.0,35.80392156862745
coreutils-8.29_gcc-8.2.0_x86_64_O3_cksum.elf,13.333333333333334,99.0,50.0,27.230042016806728
coreutils-8.29_gcc-8.2.0_x86_64_O3_chroot.elf,55.0,95.87611962044812,79.16666666666667,25.286633403361343
coreutils-8.29_gcc-8.2.0_x86_64_O3_chmod.elf,12.820512820512821,98.33333333333333,38.46153846153846,34.92330953360365
coreutils-8.29_gcc-8.2.0_x86_64_O3_[.elf,33.333333333333336,90.27777777777779,33.333333333333336,41.073774179037336
coreutils-8.29_gcc-8.2.0_x86_64_O3_cat.elf,13.333333333333334,99.0,60.0,7.315756302521008
coreutils-8.29_gcc-8.2.0_x86_64_O3_unexpand.elf,16.666666666666668,98.75,50.0,8.251838235294118
coreutils-8.29_gcc-8.2.0_x86_64_O3_printf.elf,0.0,100.0,50.0,3.5625
coreutils-8.29_gcc-8.2.0_x86_64_O3_link.elf,22.222222222222225,98.33333333333333,66.66666666666667,5.383403361344538
coreutils-8.29_gcc-8.2.0_x86_64_O3_ln.elf,15.686274509803923,96.98529411764706,58.8235294117647,19.864111330806832
coreutils-8.29_gcc-8.2.0_x86_64_O3_kill.elf,22.222222222222225,98.33333333333333,66.66666666666667,14.405228758169935
25.105055074593025 97.63613329986752 55.96639623438852 18.371315752838296